
89.3301 94.9863 4
86.2659 97.5575 4
86.2659 97.5575 6
89.3301 94.9863 6

89.3301 94.9863 4
85.5714 93.6183 4
85.5714 93.6183 6
89.3301 94.9863 6

89.3301 94.9863 4
88.6356 91.0472 4
88.6356 91.0472 6
89.3301 94.9863 6

89.3301 94.9863 4
92.3943 92.4152 4
92.3943 92.4152 6
89.3301 94.9863 6

89.3301 94.9863 4
93.0888 96.3543 4
93.0888 96.3543 6
89.3301 94.9863 6

89.3301 94.9863 4
90.0247 98.9255 4
90.0247 98.9255 6
89.3301 94.9863 6

89.3301 94.9863 4
86.2659 97.5575 4
86.2659 97.5575 6
89.3301 94.9863 6
