
   20.0000000000   19.5000000000    0.5000000000
   20.5000000000   19.5000000000    1.0000000000
   20.5000000000   20.5000000000    1.0000000000
   20.0000000000   20.5000000000    0.5000000000

   20.0000000000   19.5000000000    0.5000000000
   20.5000000000   19.5000000000    1.0000000000
   20.5000000000   20.5000000000    1.0000000000
   20.0000000000   20.5000000000    0.5000000000

   20.0000000000   19.5000000000    0.5000000000
   20.5000000000   19.5000000000    0.0000000000
   20.5000000000   20.5000000000    0.0000000000
   20.0000000000   20.5000000000    0.5000000000

   20.0000000000   19.5000000000    0.5000000000
   19.5000000000   19.5000000000    0.0000000000
   19.5000000000   20.5000000000    0.0000000000
   20.0000000000   20.5000000000    0.5000000000

   20.0000000000   19.5000000000    0.5000000000
   20.5000000000   19.5000000000    1.0000000000
   20.5000000000   20.5000000000    1.0000000000
   20.0000000000   20.5000000000    0.5000000000
